1757 3242 4980 1914 1523 2597 3398 2011 2363 2031 1738 1835 2851 2832 2265 2773
1738 3222 4980 1894 1503 2597 3378 2011 2363 2011 1738 1816 2851 2832 2246 2773
1738 3222 4980 1894 1503 2597 3378 2011 2363 2011 1718 1816 2832 2812 2246 2773
1738 3242 4980 1894 1503 2617 3378 2011 2363 2011 1718 1816 2832 2812 2226 2753
1738 3222 4980 1894 1503 2597 3378 2011 2363 2011 1718 1816 2832 2812 2226 2753
1738 3222 4980 1894 1503 2597 3378 1992 2363 2011 1718 1816 2832 2792 2226 2753
1738 3222 4980 1894 1503 2597 3359 2011 2363 2011 1718 1816 2812 2792 2207 2753
1738 3222 4980 1894 1503 2597 3359 1992 2363 2011 1718 1816 2812 2792 2207 2753
1738 3222 4980 1894 1503 2597 3359 1992 2363 2011 1718 1816 2812 2792 2207 2753
1738 3222 4980 1894 1503 2597 3359 1992 2363 2011 1718 1816 2812 2792 2207 2753
1718 3222 4980 1875 1503 2597 3359 1992 2343 1992 1699 1796 2812 2792 2187 2734
1718 3222 4980 1875 1503 2597 3359 1992 2343 1992 1699 1796 2812 2773 2187 2734
1718 3222 4980 1875 1484 2597 3359 1992 2343 1992 1699 1796 2792 2773 2187 2734
1718 3222 4980 1894 1503 2597 3359 1992 2343 1992 1699 1796 2792 2773 2187 2734
1718 3222 4980 1894 1503 2597 3359 1992 2343 1992 1699 1796 2792 2773 2167 2734
1718 3222 4980 1875 1484 2597 3359 1972 2343 1992 1699 1796 2792 2773 2167 2734
1718 3222 4980 1875 1484 2578 3359 1992 2343 1992 1699 1796 2792 2753 2167 2734
1718 3222 4980 1875 1503 2597 3359 1972 2343 1992 1699 1796 2773 2753 2148 2734
1718 3222 4980 1875 1503 2578 3359 1972 2343 1992 1699 1796 2773 2753 2148 2714
1718 3203 4980 1875 1484 2578 3359 1972 2343 1992 1699 1796 2773 2753 2148 2714
1718 3203 4980 1875 1484 2578 3359 1972 2343 1992 1699 1796 2773 2753 2148 2714
1718 3203 4980 1875 1484 2578 3359 1972 2343 1992 1699 1796 2773 2753 2148 2714
1718 3203 4980 1875 1484 2578 3339 1972 2343 1992 1679 1796 2773 2734 2148 2714
1718 3203 4980 1875 1484 2578 3359 1972 2343 1992 1679 1796 2753 2734 2128 2714
1718 3203 4980 1875 1484 2578 3359 1972 2343 1992 1679 1796 2753 2734 2128 2714
1699 3203 4980 1875 1484 2578 3339 1972 2343 1992 1679 1777 2753 2734 2128 2714
1718 3203 4980 1875 1484 2578 3359 1972 2343 1992 1679 1796 2753 2734 2128 2714
1718 3203 4980 1875 1484 2578 3359 1972 2324 1992 1679 1777 2734 2734 2109 2714
1718 3203 4980 1875 1484 2578 3339 1972 2324 1972 1679 1777 2734 2714 2109 2714
