1660 3261 4980 1875 1484 2480 3300 1894 2304 1933 1621 1757 2402 2500 1855 2617
1660 3261 4980 1855 1484 2480 3300 1894 2285 1914 1601 1757 2382 2480 1835 2617
1660 3261 4980 1855 1484 2480 3300 1875 2285 1914 1601 1757 2382 2480 1835 2617
1660 3261 4980 1855 1464 2480 3300 1894 2285 1914 1601 1757 2382 2480 1835 2617
1660 3261 4980 1855 1484 2480 3300 1894 2285 1914 1601 1757 2382 2480 1835 2617
1660 3261 4980 1855 1484 2480 3300 1894 2304 1933 1601 1757 2382 2480 1835 2617
1660 3261 4980 1855 1484 2480 3300 1894 2285 1914 1621 1757 2382 2480 1835 2617
1660 3261 4980 1855 1484 2480 3300 1894 2304 1914 1601 1757 2382 2480 1835 2617
1660 3261 4980 1855 1484 2480 3300 1894 2285 1914 1601 1757 2382 2480 1835 2617
1660 3261 4980 1855 1484 2480 3300 1894 2285 1933 1601 1757 2382 2480 1835 2617
1660 3261 4980 1855 1484 2480 3300 1894 2304 1914 1601 1757 2382 2480 1835 2617
1660 3261 4980 1855 1484 2480 3300 1894 2285 1914 1601 1757 2382 2480 1816 2597
1660 3261 4980 1855 1484 2480 3300 1894 2285 1914 1601 1757 2382 2480 1835 2597
1660 3261 4980 1855 1464 2480 3300 1894 2285 1914 1601 1757 2382 2480 1816 2597
1660 3242 4980 1855 1464 2460 3281 1875 2285 1914 1601 1738 2363 2460 1816 2597
1640 3242 4980 1855 1484 2460 3281 1875 2285 1914 1601 1738 2363 2460 1796 2597
1660 3242 4980 1855 1484 2460 3281 1875 2285 1914 1601 1757 2363 2460 1816 2597
1660 3242 4980 1855 1484 2460 3281 1875 2285 1914 1601 1757 2382 2460 1816 2597
1660 3261 4980 1835 1484 2480 3281 1875 2285 1914 1601 1757 2382 2460 1816 2597
1660 3242 4980 1835 1484 2460 3281 1875 2285 1914 1601 1757 2382 2460 1816 2597
1660 3261 4980 1855 1484 2460 3281 1875 2285 1914 1601 1757 2382 2460 1816 2597
1660 3242 4980 1855 1484 2460 3281 1875 2285 1914 1601 1757 2382 2480 1816 2597
1660 3261 4980 1855 1464 2460 3300 1875 2285 1914 1601 1757 2382 2460 1816 2597
1660 3261 4980 1855 1484 2480 3300 1894 2285 1933 1621 1757 2382 2480 1816 2597
1660 3261 4980 1855 1484 2480 3300 1894 2285 1914 1601 1757 2382 2480 1816 2597
1679 3261 4980 1855 1484 2480 3300 1875 2285 1914 1601 1757 2382 2480 1816 2597
1679 3261 4980 1855 1484 2480 3300 1894 2285 1914 1621 1757 2382 2480 1816 2597
1679 3261 4980 1855 1484 2480 3300 1894 2304 1933 1621 1757 2382 2480 1816 2597
1660 3261 4980 1855 1484 2480 3300 1894 2285 1933 1601 1757 2382 2480 1816 2597
