MQ3 MQ135 TGS2600 TGS2602 TGS2603 TGS2609 TGS2610 SYG9 MQ137 MQ138 TGS2611 TGS2612 TGS2618 TGS2619 TGS2620 SY1B
522 52 240 259 167 223 104 185 226 259 179 76 119 175 153 91
522 52 240 259 167 221 104 185 226 259 179 76 119 173 153 91
522 52 240 259 167 221 103 177 226 259 179 76 119 173 152 84
502 52 240 259 167 221 103 177 227 259 179 76 119 173 152 84
502 47 240 259 167 221 103 177 227 252 179 76 119 173 152 84
502 47 235 249 167 221 103 177 227 252 173 70 119 173 152 84
502 47 235 249 161 221 103 177 227 252 173 70 113 173 152 84
502 47 235 249 161 218 103 177 227 252 173 70 113 169 152 84
502 47 235 249 161 218 99 185 227 252 173 70 113 169 148 92
480 47 235 249 161 218 99 185 227 252 173 70 113 169 148 92
480 49 235 249 161 218 99 185 227 252 173 70 113 169 148 92
480 49 238 252 161 218 99 185 227 252 176 74 113 169 148 92
480 49 238 252 166 218 99 185 227 252 176 74 118 169 148 92
480 49 238 252 166 227 99 185 227 252 176 74 118 178 148 92
480 49 238 252 166 227 107 175 227 252 176 74 118 178 155 83
464 49 238 252 166 227 107 175 218 252 176 74 118 178 155 83
464 45 238 252 166 227 107 175 218 249 176 74 118 178 155 83
464 45 232 252 166 227 107 175 218 249 170 75 118 178 155 83
464 45 232 252 163 227 107 175 218 249 170 75 116 178 155 83
464 45 232 252 163 222 107 175 218 249 170 75 116 174 155 83
464 45 232 252 163 222 101 186 218 249 170 75 116 174 148 93
466 45 232 252 163 222 101 186 222 249 170 75 116 174 148 93
466 50 232 252 163 222 101 186 222 253 170 75 116 174 148 93
466 50 241 253 163 222 101 186 222 253 179 76 116 174 148 93
466 50 241 253 164 222 101 186 222 253 179 76 117 174 148 93
466 50 241 253 164 220 101 186 222 253 179 76 117 172 148 93
466 50 241 253 164 220 102 183 222 253 179 76 117 172 149 90
462 50 241 253 164 220 102 183 219 253 179 76 117 172 149 90
462 47 241 253 164 220 102 183 219 252 179 76 117 172 149 90
462 47 237 258 164 220 102 183 219 252 175 80 117 172 149 90
462 47 237 258 169 220 102 183 219 252 175 80 121 172 149 90
462 47 237 258 169 230 102 183 219 252 175 80 121 181 149 90
462 47 237 258 169 230 108 187 219 252 175 80 121 181 155 95
466 47 237 258 169 230 108 187 223 252 175 80 121 181 155 95
466 56 237 258 169 230 108 187 223 261 175 80 121 181 155 95
466 56 243 251 169 230 108 187 223 261 181 73 121 181 155 95
466 56 243 251 174 230 108 187 223 261 181 73 125 181 155 95
466 56 243 251 174 228 108 187 223 261 181 73 125 180 155 95
466 56 243 251 174 228 106 187 223 261 181 73 125 180 153 94
469 56 243 251 174 228 106 187 225 261 181 73 125 180 153 94
469 45 243 251 174 228 106 187 225 252 181 73 125 180 153 94
469 45 241 254 174 228 106 187 225 252 178 75 125 180 153 94
469 45 241 254 172 228 106 187 225 252 178 75 122 180 153 94
469 45 241 254 172 226 106 187 225 252 178 75 122 178 153 94
469 45 241 254 172 226 110 186 225 252 178 75 122 178 157 92
470 45 241 254 172 226 110 186 225 252 178 75 122 178 157 92
470 54 241 254 172 226 110 186 225 261 178 75 122 178 157 92
470 54 245 262 172 226 110 186 225 261 181 81 122 178 157 92
470 54 245 262 181 226 110 186 225 261 181 81 130 178 157 92
470 54 245 262 181 232 110 186 225 261 181 81 130 183 157 92
470 54 245 262 181 232 106 184 225 261 181 81 130 183 153 90
473 54 245 262 181 232 106 184 227 261 181 81 130 183 153 90
473 46 245 262 181 232 106 184 227 254 181 81 130 183 153 90
473 46 248 265 181 232 106 184 227 254 183 83 130 183 153 90
473 46 248 265 180 232 106 184 227 254 183 83 126 183 153 90
473 46 248 265 180 232 106 184 227 254 183 83 126 183 153 90
473 46 248 265 180 232 110 187 227 254 183 83 126 183 157 92
471 46 248 265 180 232 110 187 224 254 183 83 126 183 157 92
471 47 248 265 180 232 110 187 224 256 183 83 126 183 157 92
471 47 250 265 180 232 110 187 224 256 184 81 126 183 157 92
471 47 250 265 184 232 110 187 224 256 184 81 128 183 157 92
471 47 250 265 184 238 110 187 224 256 184 81 128 189 157 92
471 47 250 265 184 238 110 193 224 256 184 81 128 189 158 97
472 47 250 265 184 238 110 193 223 256 184 81 128 189 158 97
472 51 250 265 184 238 110 193 223 260 184 81 128 189 158 97
472 51 256 259 184 238 110 193 223 260 189 75 128 189 158 97
472 51 256 259 185 238 110 193 223 260 189 75 127 189 158 97
472 51 256 259 185 237 110 193 223 260 189 75 127 186 158 97
472 51 256 259 185 237 115 190 223 260 189 75 127 186 163 95
473 51 256 259 185 237 115 190 224 260 189 75 127 186 163 95
473 47 256 259 185 237 115 190 224 257 189 75 127 186 163 95
473 47 259 262 185 237 115 190 224 257 191 77 127 186 163 95
473 47 259 262 191 237 115 190 224 257 191 77 131 186 163 95
473 47 259 262 191 242 115 190 224 257 191 77 131 190 163 95
473 47 259 262 191 242 116 192 224 257 191 77 131 190 164 96
472 47 259 262 191 242 116 192 222 257 191 77 131 190 164 96
472 54 259 262 191 242 116 192 222 264 191 77 131 190 164 96
472 54 260 265 191 242 116 192 222 264 189 77 131 190 164 96
472 54 260 265 193 242 116 192 222 264 189 77 131 190 164 96
472 54 260 265 193 243 116 192 222 264 189 77 131 190 164 96
472 54 260 265 193 243 117 194 222 264 189 77 131 190 165 98
477 54 260 265 193 243 117 194 225 264 189 77 131 190 165 98
477 54 260 265 193 243 117 194 225 266 189 77 131 190 165 98
477 54 259 263 193 243 117 194 225 266 188 74 131 190 165 98
477 54 259 263 203 243 117 194 225 266 188 74 138 190 165 98
477 54 259 263 203 245 117 194 225 266 188 74 138 191 165 98
477 54 259 263 203 245 116 198 225 266 188 74 138 191 166 100
480 54 259 263 203 245 116 198 226 266 188 74 138 191 166 100
480 48 259 263 203 245 116 198 226 260 188 74 138 191 166 100
480 48 258 272 203 245 116 198 226 260 185 82 138 191 166 100
480 48 258 272 205 245 116 198 226 260 185 82 138 191 166 100
480 48 258 272 205 246 116 198 226 260 185 82 138 189 166 100
480 48 258 272 205 246 117 191 226 260 185 82 138 189 167 94
481 48 258 272 205 246 117 191 226 260 185 82 138 189 167 94
481 47 258 272 205 246 117 191 226 260 185 82 138 189 167 94
481 47 268 267 205 246 117 191 226 260 193 75 138 189 167 94
481 47 268 267 203 246 117 191 226 260 193 75 133 189 167 94
481 47 268 267 203 248 117 191 226 260 193 75 133 191 167 94
481 47 268 267 203 248 122 192 226 260 193 75 133 191 173 94
482 47 268 267 203 248 122 192 226 260 193 75 133 191 173 94
