MQ3 MQ135 TGS2600 TGS2602 TGS2603 TGS2609 TGS2610 SYG9 MQ137 MQ138 TGS2611 TGS2612 TGS2618 TGS2619 TGS2620 SY1B
545 53 342 340 270 330 133 237 250 287 210 85 153 216 220 109
545 53 342 340 270 539 133 237 250 287 210 85 153 249 220 109
545 53 342 340 270 539 127 237 250 287 210 85 153 249 215 109
526 53 342 340 270 539 127 234 248 287 210 85 153 249 215 104
526 48 342 340 270 539 127 234 248 281 210 85 153 249 215 104
526 48 340 340 270 539 127 234 248 281 207 85 153 249 215 104
526 48 340 328 265 539 127 234 248 281 207 77 149 249 215 104
526 48 340 328 265 323 127 234 248 281 207 77 149 207 215 104
526 48 340 328 265 323 126 234 248 281 207 77 149 207 214 104
503 48 340 328 265 323 126 240 240 281 207 77 149 207 214 110
503 55 340 328 265 323 126 240 240 286 207 77 149 207 214 110
503 55 334 328 265 323 126 240 240 286 200 77 149 207 214 110
503 55 334 329 261 323 126 240 240 286 200 78 145 207 214 110
503 55 334 329 261 321 126 240 240 286 200 78 145 204 214 110
503 55 334 329 261 321 131 240 240 286 200 78 145 204 220 110
506 55 334 329 261 321 131 241 247 286 200 78 145 204 220 111
506 50 334 329 261 321 131 241 247 281 200 78 145 204 220 111
506 50 336 329 261 321 131 241 247 281 202 78 145 204 220 111
506 50 336 329 260 321 131 241 247 281 202 79 145 204 220 111
506 50 336 329 260 328 131 241 247 281 202 79 145 211 220 111
506 50 336 329 260 328 125 241 247 281 202 79 145 211 214 111
501 50 336 329 260 328 125 233 244 281 202 79 145 211 214 103
501 47 336 329 260 328 125 233 244 278 202 79 145 211 214 103
501 47 339 329 260 328 125 233 244 278 204 79 145 211 214 103
501 47 339 328 266 328 125 233 244 278 204 77 151 211 214 103
501 47 339 328 266 324 125 233 244 278 204 77 151 206 214 103
501 47 339 328 266 324 123 233 244 278 204 77 151 206 212 103
496 47 339 328 266 324 123 234 240 278 204 77 151 206 212 104
496 54 339 328 266 324 123 234 240 285 204 77 151 206 212 104
496 54 335 328 266 324 123 234 240 285 200 77 151 206 212 104
496 54 335 329 260 324 123 234 240 285 200 78 146 206 212 104
496 54 335 329 260 322 123 234 240 285 200 78 146 204 212 104
496 54 335 329 260 322 131 234 240 285 200 78 146 204 220 104
505 54 335 329 260 322 131 239 248 285 200 78 146 204 220 109
505 49 335 329 260 322 131 239 248 280 200 78 146 204 220 109
505 49 337 329 260 322 131 239 248 280 202 78 146 204 220 109
505 49 337 339 261 322 131 239 248 280 202 88 148 204 220 109
505 49 337 339 261 325 131 239 248 280 202 88 148 207 220 109
505 49 337 339 261 325 125 239 248 280 202 88 148 207 214 109
505 49 337 339 261 325 125 241 247 280 202 88 148 207 214 111
505 55 337 339 261 325 125 241 247 286 202 88 148 207 214 111
505 55 332 339 261 325 125 241 247 286 196 88 148 207 214 111
505 55 332 329 254 325 125 241 247 286 196 77 143 207 214 111
505 55 332 329 254 324 125 241 247 286 196 77 143 205 214 111
505 55 332 329 254 324 126 241 247 286 196 77 143 205 216 111
502 55 332 329 254 324 126 240 244 286 196 77 143 205 216 110
502 48 332 329 254 324 126 240 244 279 196 77 143 205 216 110
502 48 336 329 254 324 126 240 244 279 199 77 143 205 216 110
502 48 336 336 256 324 126 240 244 279 199 84 145 205 216 110
502 48 336 336 256 325 126 240 244 279 199 84 145 206 216 110
502 48 336 336 256 325 125 240 244 279 199 84 145 206 215 110
504 48 336 336 256 325 125 242 244 279 199 84 145 206 215 111
504 54 336 336 256 325 125 242 244 285 199 84 145 206 215 111
504 54 334 336 256 325 125 242 244 285 197 84 145 206 215 111
504 54 334 334 259 325 125 242 244 285 197 82 148 206 215 111
504 54 334 334 259 330 125 242 244 285 197 82 148 211 215 111
504 54 334 334 259 330 128 242 244 285 197 82 148 211 218 111
501 54 334 334 259 330 128 236 240 285 197 82 148 211 218 105
501 53 334 334 259 330 128 236 240 284 197 82 148 211 218 105
501 53 333 334 259 330 128 236 240 284 195 82 148 211 218 105
501 53 333 331 259 330 128 236 240 284 195 78 149 211 218 105
501 53 333 331 259 327 128 236 240 284 195 78 149 207 218 105
501 53 333 331 259 327 128 236 240 284 195 78 149 207 218 105
504 53 333 331 259 327 128 237 242 284 195 78 149 207 218 106
504 48 333 331 259 327 128 237 242 280 195 78 149 207 218 106
504 48 336 331 259 327 128 237 242 280 198 78 149 207 218 106
504 48 336 335 252 327 128 237 242 280 198 82 143 207 218 106
504 48 336 335 252 327 128 237 242 280 198 82 143 207 218 106
504 48 336 335 252 327 127 237 242 280 198 82 143 207 217 106
500 48 336 335 252 327 127 237 238 280 198 82 143 207 217 105
500 51 336 335 252 327 127 237 238 282 198 82 143 207 217 105
500 51 340 335 252 327 127 237 238 282 201 82 143 207 217 105
500 51 340 335 258 327 127 237 238 282 201 82 149 207 217 105
500 51 340 335 258 318 127 237 238 282 201 82 149 198 217 105
500 51 340 335 258 318 125 237 238 282 201 82 149 198 215 105
507 51 340 335 258 318 125 243 243 282 201 82 149 198 215 111
507 47 340 335 258 318 125 243 243 278 201 82 149 198 215 111
507 47 334 335 258 318 125 243 243 278 195 82 149 198 215 111
507 47 334 339 250 318 125 243 243 278 195 84 141 198 215 111
507 47 334 339 250 330 125 243 243 278 195 84 141 209 215 111
507 47 334 339 250 330 129 243 243 278 195 84 141 209 219 111
511 47 334 339 250 330 129 245 246 278 195 84 141 209 219 113
511 51 334 339 250 330 129 245 246 283 195 84 141 209 219 113
511 51 342 339 250 330 129 245 246 283 203 84 141 209 219 113
511 51 342 337 255 330 129 245 246 283 203 83 146 209 219 113
511 51 342 337 255 329 129 245 246 283 203 83 146 208 219 113
511 51 342 337 255 329 128 245 246 283 203 83 146 208 218 113
504 51 342 337 255 329 128 238 239 283 203 83 146 208 218 106
504 52 342 337 255 329 128 238 239 283 203 83 146 208 218 106
504 52 342 337 255 329 128 238 239 283 203 83 146 208 218 106
504 52 342 334 257 329 128 238 239 283 203 79 148 208 218 106
504 52 342 334 257 321 128 238 239 283 203 79 148 200 218 106
504 52 342 334 257 321 124 238 239 283 203 79 148 200 215 106
513 52 342 334 257 321 124 242 247 283 203 79 148 200 215 109
513 52 342 334 257 321 124 242 247 283 203 79 148 200 215 109
513 52 338 334 257 321 124 242 247 283 199 79 148 200 215 109
513 52 338 340 251 321 124 242 247 283 199 84 142 200 215 109
513 52 338 340 251 326 124 242 247 283 199 84 142 205 215 109
513 52 338 340 251 326 125 242 247 283 199 84 142 205 216 109
505 52 338 340 251 326 125 236 238 283 199 84 142 205 216 104
