MQ3 MQ135 TGS2600 TGS2602 TGS2603 TGS2609 TGS2610 SYG9 MQ137 MQ138 TGS2611 TGS2612 TGS2618 TGS2619 TGS2620 SY1B
594 54 364 382 240 346 129 271 263 308 201 76 147 205 232 109
594 54 364 382 240 346 131 271 263 308 201 76 147 205 234 109
574 54 364 382 240 346 131 264 259 308 201 76 147 205 234 103
574 55 364 382 240 346 131 264 259 307 201 76 147 205 234 103
574 55 358 382 240 346 131 264 259 307 195 76 147 205 234 103
574 55 358 379 238 346 131 264 259 307 195 77 145 205 234 103
574 55 358 379 238 345 131 264 259 307 195 77 145 204 234 103
574 55 358 379 238 345 127 264 259 307 195 77 145 204 229 103
559 55 358 379 238 345 127 261 264 307 195 77 145 204 229 102
559 47 358 379 238 345 127 261 264 298 195 77 145 204 229 102
559 47 355 379 238 345 127 261 264 298 192 77 145 204 229 102
559 47 355 376 234 345 127 261 264 298 192 76 141 204 229 102
559 47 355 376 234 344 127 261 264 298 192 76 141 202 229 102
559 47 355 376 234 344 123 261 264 298 192 76 141 202 225 102
547 47 355 376 234 344 123 265 258 298 192 76 141 202 225 107
547 52 355 376 234 344 123 265 258 302 192 76 141 202 225 107
547 52 356 376 234 344 123 265 258 302 193 76 141 202 225 107
547 52 356 374 234 344 123 265 258 302 193 75 141 202 225 107
547 52 356 374 234 344 123 265 258 302 193 75 141 203 225 107
547 52 356 374 234 344 125 265 258 302 193 75 141 203 227 107
543 52 356 374 234 344 125 262 256 302 193 75 141 203 227 104
543 48 356 374 234 344 125 262 256 298 193 75 141 203 227 104
543 48 357 374 234 344 125 262 256 298 193 75 141 203 227 104
543 48 357 374 234 344 125 262 256 298 193 75 142 203 227 104
543 48 357 374 234 344 125 262 256 298 193 75 142 202 227 104
543 48 357 374 234 344 131 262 256 298 193 75 142 202 232 104
550 48 357 374 234 344 131 260 262 298 193 75 142 202 232 102
550 58 357 374 234 344 131 260 262 308 193 75 142 202 232 102
550 58 356 374 234 344 131 260 262 308 193 75 142 202 232 102
550 58 356 381 241 344 131 260 262 308 193 82 148 202 232 102
550 58 356 381 241 343 131 260 262 308 193 82 148 202 232 102
550 58 356 381 241 343 126 260 262 308 193 82 148 202 228 102
548 58 356 381 241 343 126 259 260 308 193 82 148 202 228 101
548 53 356 381 241 343 126 259 260 304 193 82 148 202 228 101
548 53 364 381 241 343 126 259 260 304 200 82 148 202 228 101
548 53 364 374 235 343 126 259 260 304 200 75 142 202 228 101
548 53 364 374 235 340 126 259 260 304 200 75 142 199 228 101
548 53 364 374 235 340 129 259 260 304 200 75 142 199 230 101
545 53 364 374 235 340 129 265 257 304 200 75 142 199 230 106
545 52 364 374 235 340 129 265 257 302 200 75 142 199 230 106
545 52 356 374 235 340 129 265 257 302 193 75 142 199 230 106
545 52 356 376 233 340 129 265 257 302 193 78 140 199 230 106
545 52 356 376 233 347 129 265 257 302 193 78 140 205 230 106
545 52 356 376 233 347 122 265 257 302 193 78 140 205 223 106
545 52 356 376 233 347 122 266 256 302 193 78 140 205 223 107
545 53 356 376 233 347 122 266 256 304 193 78 140 205 223 107
545 53 364 376 233 347 122 266 256 304 200 78 140 205 223 107
545 53 364 373 239 347 122 266 256 304 200 74 146 205 223 107
545 53 364 373 239 341 122 266 256 304 200 74 146 200 223 107
545 53 364 373 239 341 127 266 256 304 200 74 146 200 229 107
549 53 364 373 239 341 127 263 259 304 200 74 146 200 229 104
549 48 364 373 239 341 127 263 259 299 200 74 146 200 229 104
549 48 363 373 239 341 127 263 259 299 199 74 146 200 229 104
549 48 363 373 244 341 127 263 259 299 199 75 151 200 229 104
549 48 363 373 244 343 127 263 259 299 199 75 151 201 229 104
549 48 363 373 244 343 131 263 259 299 199 75 151 201 232 104
552 48 363 373 244 343 131 263 261 299 199 75 151 201 232 104
552 45 363 373 244 343 131 263 261 296 199 75 151 201 232 104
552 45 358 373 244 343 131 263 261 296 194 75 151 201 232 104
552 45 358 373 235 343 131 263 261 296 194 74 142 201 232 104
552 45 358 373 235 341 131 263 261 296 194 74 142 198 232 104
552 45 358 373 235 341 130 263 261 296 194 74 142 198 231 104
550 45 358 373 235 341 130 267 258 296 194 74 142 198 231 107
550 51 358 373 235 341 130 267 258 302 194 74 142 198 231 107
550 51 364 373 235 341 130 267 258 302 199 74 142 198 231 107
550 51 364 379 234 341 130 267 258 302 199 79 140 198 231 107
550 51 364 379 234 342 130 267 258 302 199 79 140 200 231 107
550 51 364 379 234 342 123 267 258 302 199 79 140 200 225 107
548 51 364 379 234 342 123 263 256 302 199 79 140 200 225 103
548 51 364 379 234 342 123 263 256 302 199 79 140 200 225 103
548 51 360 379 234 342 123 263 256 302 195 79 140 200 225 103
548 51 360 381 240 342 123 263 256 302 195 81 146 200 225 103
548 51 360 381 240 349 123 263 256 302 195 81 146 206 225 103
548 51 360 381 240 349 132 263 256 302 195 81 146 206 234 103
554 51 360 381 240 349 132 268 260 302 195 81 146 206 234 108
554 52 360 381 240 349 132 268 260 303 195 81 146 206 234 108
554 52 364 381 240 349 132 268 260 303 199 81 146 206 234 108
554 52 364 379 239 349 132 268 260 303 199 79 144 206 234 108
554 52 364 379 239 349 132 268 260 303 199 79 144 205 234 108
554 52 364 379 239 349 130 268 260 303 199 79 144 205 232 108
552 52 364 379 239 349 130 270 258 303 199 79 144 205 232 110
552 51 364 379 239 349 130 270 258 302 199 79 144 205 232 110
552 51 360 379 239 349 130 270 258 302 194 79 144 205 232 110
552 51 360 376 237 349 130 270 258 302 194 75 142 205 232 110
552 51 360 376 237 341 130 270 258 302 194 75 142 198 232 110
552 51 360 376 237 341 135 270 258 302 194 75 142 198 237 110
556 51 360 376 237 341 135 272 260 302 194 75 142 198 237 112
556 48 360 376 237 341 135 272 260 299 194 75 142 198 237 112
556 48 359 376 237 341 135 272 260 299 193 75 142 198 237 112
556 48 359 383 245 341 135 272 260 299 193 82 149 198 237 112
556 48 359 383 245 344 135 272 260 299 193 82 149 200 237 112
556 48 359 383 245 344 126 272 260 299 193 82 149 200 229 112
560 48 359 383 245 344 126 271 264 299 193 82 149 200 229 110
560 48 359 383 245 344 126 271 264 299 193 82 149 200 229 110
560 48 364 383 245 344 126 271 264 299 196 82 149 200 229 110
560 48 364 374 244 344 126 271 264 299 196 72 147 200 229 110
560 48 364 374 244 344 126 271 264 299 196 72 147 200 229 110
560 48 364 374 244 344 127 271 264 299 196 72 147 200 230 110
560 48 364 374 244 344 127 274 263 299 196 72 147 200 230 113
560 49 364 374 244 344 127 274 263 301 196 72 147 200 230 113
