MQ3 MQ135 TGS2600 TGS2602 TGS2603 TGS2609 TGS2610 SYG9 MQ137 MQ138 TGS2611 TGS2612 TGS2618 TGS2619 TGS2620 SY1B
568 51 295 271 236 281 131 213 255 292 216 83 148 222 193 113
568 51 295 274 240 281 131 213 255 292 216 82 151 222 193 113
568 51 295 274 240 281 131 213 255 292 216 82 151 219 193 113
568 51 295 274 240 281 125 213 255 292 216 82 151 219 189 113
540 51 295 274 240 281 125 215 252 292 216 82 151 219 189 115
540 55 295 274 240 281 125 215 252 293 216 82 151 219 189 115
540 55 291 274 240 281 125 215 252 293 211 82 151 219 189 115
540 55 291 273 231 281 125 215 252 293 211 84 144 219 189 115
540 55 291 273 231 281 125 215 252 293 211 84 144 217 189 115
540 55 291 273 231 281 123 215 252 293 211 84 144 217 187 115
525 55 291 273 231 281 123 213 253 293 211 84 144 217 187 113
525 47 291 273 231 281 123 213 253 284 211 84 144 217 187 113
525 47 291 273 231 281 123 213 253 284 209 84 144 217 187 113
525 47 291 274 235 281 123 213 253 284 209 86 148 217 187 113
525 47 291 274 235 276 123 213 253 284 209 86 148 210 187 113
525 47 291 274 235 276 126 213 253 284 209 86 148 210 190 113
520 47 291 274 235 276 126 212 254 284 209 86 148 210 190 111
520 46 291 274 235 276 126 212 254 283 209 86 148 210 190 111
520 46 293 274 235 276 126 212 254 283 210 86 148 210 190 111
520 46 293 276 241 276 126 212 254 283 210 88 153 210 190 111
520 46 293 276 241 276 126 212 254 283 210 88 153 209 190 111
520 46 293 276 241 276 129 212 254 283 210 88 153 209 193 111
507 46 293 276 241 276 129 213 244 283 210 88 153 209 193 112
507 55 293 276 241 276 129 213 244 291 210 88 153 209 193 112
507 55 296 276 241 276 129 213 244 291 213 88 153 209 193 112
507 55 296 274 236 276 129 213 244 291 213 84 149 209 193 112
507 55 296 274 236 278 129 213 244 291 213 84 149 211 193 112
507 55 296 274 236 278 130 213 244 291 213 84 149 211 195 112
514 55 296 274 236 278 130 216 252 291 213 84 149 211 195 115
514 54 296 274 236 278 130 216 252 290 213 84 149 211 195 115
514 54 290 274 236 278 130 216 252 290 205 84 149 211 195 115
514 54 290 271 236 278 130 216 252 290 205 81 148 211 195 115
514 54 290 271 236 280 130 216 252 290 205 81 148 212 195 115
514 54 290 271 236 280 128 216 252 290 205 81 148 212 194 115
508 54 290 271 236 280 128 217 245 290 205 81 148 212 194 116
508 54 290 271 236 280 128 217 245 290 205 81 148 212 194 116
508 54 287 271 236 280 128 217 245 290 201 81 148 212 194 116
508 54 287 271 237 280 128 217 245 290 201 81 149 212 194 116
508 54 287 271 237 278 128 217 245 290 201 81 149 209 194 116
508 54 287 271 237 278 124 217 245 290 201 81 149 209 190 116
511 54 287 271 237 278 124 213 249 290 201 81 149 209 190 112
511 50 287 271 237 278 124 213 249 286 201 81 149 209 190 112
511 50 296 271 237 278 124 213 249 286 208 81 149 209 190 112
511 50 296 275 239 278 124 213 249 286 208 83 151 209 190 112
511 50 296 275 239 284 124 213 249 286 208 83 151 213 190 112
511 50 296 275 239 284 127 213 249 286 208 83 151 213 193 112
507 50 296 275 239 284 127 216 244 286 208 83 151 213 193 114
507 46 296 275 239 284 127 216 244 283 208 83 151 213 193 114
507 46 298 275 239 284 127 216 244 283 210 83 151 213 193 114
507 46 298 275 234 284 127 216 244 283 210 83 146 213 193 114
507 46 298 275 234 285 127 216 244 283 210 83 146 214 193 114
507 46 298 275 234 285 125 216 244 283 210 83 146 214 192 114
509 46 298 275 234 285 125 219 244 283 210 83 146 214 192 116
509 48 298 275 234 285 125 219 244 285 210 83 146 214 192 116
509 48 298 275 234 285 125 219 244 285 208 83 146 214 192 116
509 48 298 277 239 285 125 219 244 285 208 83 150 214 192 116
509 48 298 277 239 289 125 219 244 285 208 83 150 217 192 116
509 48 298 277 239 289 128 219 244 285 208 83 150 217 195 116
516 48 298 277 239 289 128 213 251 285 208 83 150 217 195 111
516 50 298 277 239 289 128 213 251 287 208 83 150 217 195 111
516 50 294 277 239 289 128 213 251 287 204 83 150 217 195 111
516 50 294 284 238 289 128 213 251 287 204 89 149 217 195 111
516 50 294 284 238 288 128 213 251 287 204 89 149 215 195 111
516 50 294 284 238 288 128 213 251 287 204 89 149 215 196 111
516 50 294 284 238 288 128 217 249 287 204 89 149 215 196 114
516 50 294 284 238 288 128 217 249 288 204 89 149 215 196 114
516 50 299 284 238 288 128 217 249 288 207 89 149 215 196 114
516 50 299 280 242 288 128 217 249 288 207 84 152 215 196 114
516 50 299 280 242 282 128 217 249 288 207 84 152 208 196 114
516 50 299 280 242 282 130 217 249 288 207 84 152 208 198 114
514 50 299 280 242 282 130 220 246 288 207 84 152 208 198 116
514 56 299 280 242 282 130 220 246 293 207 84 152 208 198 116
514 56 300 280 242 282 130 220 246 293 207 84 152 208 198 116
514 56 300 280 242 282 130 220 246 293 207 83 151 208 198 116
514 56 300 280 242 288 130 220 246 293 207 83 151 214 198 116
514 56 300 280 242 288 134 220 246 293 207 83 151 214 203 116
514 56 300 280 242 288 134 217 245 293 207 83 151 214 203 113
514 53 300 280 242 288 134 217 245 290 207 83 151 214 203 113
514 53 303 280 242 288 134 217 245 290 210 83 151 214 203 113
514 53 303 279 237 288 134 217 245 290 210 81 145 214 203 113
514 53 303 279 237 286 134 217 245 290 210 81 145 210 203 113
514 53 303 279 237 286 134 217 245 290 210 81 145 210 203 113
522 53 303 279 237 286 134 214 251 290 210 81 145 210 203 109
522 48 303 279 237 286 134 214 251 286 210 81 145 210 203 109
522 48 301 279 237 286 134 214 251 286 207 81 145 210 203 109
522 48 301 284 237 286 134 214 251 286 207 85 145 210 203 109
522 48 301 284 237 288 134 214 251 286 207 85 145 212 203 109
522 48 301 284 237 288 128 214 251 286 207 85 145 212 198 109
519 48 301 284 237 288 128 223 247 286 207 85 145 212 198 117
519 54 301 284 237 288 128 223 247 291 207 85 145 212 198 117
519 54 299 284 237 288 128 223 247 291 204 85 145 212 198 117
519 54 299 289 237 288 128 223 247 291 204 89 145 212 198 117
519 54 299 289 237 287 128 223 247 291 204 89 145 210 198 117
519 54 299 289 237 287 132 223 247 291 204 89 145 210 202 117
520 54 299 289 237 287 132 223 247 291 204 89 145 210 202 117
520 54 299 289 237 287 132 223 247 292 204 89 145 210 202 117
520 54 297 289 237 287 132 223 247 292 201 89 145 210 202 117
520 54 297 285 242 287 132 223 247 292 201 84 149 210 202 117
520 54 297 285 242 288 132 223 247 292 201 84 149 210 202 117
520 54 297 285 242 288 130 223 247 292 201 84 149 210 201 117
