1757 3242 4980 1953 1542 2597 3398 2011 2382 2031 1718 1835 2675 2714 2070 2753
1757 3242 4980 1933 1542 2597 3398 1992 2363 2011 1699 1835 2656 2675 2050 2734
1738 3242 4980 1914 1503 2578 3398 1992 2363 2011 1679 1816 2656 2675 2031 2734
1738 3242 4980 1914 1503 2578 3398 1992 2363 2011 1699 1816 2656 2675 2031 2734
1738 3242 4980 1914 1503 2578 3398 1992 2363 2011 1679 1816 2636 2675 2031 2734
1738 3242 4980 1914 1503 2578 3398 2500 2500 2500 2500 2500 2500 2500 2500 2500
1738 3242 4980 1914 1503 2578 3398 1992 2343 2011 1679 1816 2656 2675 2031 2734
1738 3242 4980 1914 1503 2597 3398 1992 2363 2011 1679 1816 2656 2675 2031 2734
1738 3242 4980 1914 1503 2597 3398 1992 2363 2011 1679 1816 2656 2675 2031 2734
1738 3242 4980 1914 1523 2597 3398 1992 2363 2011 1679 1816 2656 2675 2031 2734
1738 3242 4980 1933 1523 2597 3398 1992 2363 2011 1699 1835 2656 2675 2031 2734
1738 3261 4980 1933 1523 2597 3398 1992 2363 2011 1699 1835 2656 2675 2031 2734
1738 3242 4980 1933 1523 2597 3398 1992 2363 2011 1679 1816 2656 2675 2031 2734
1738 3242 4980 1933 1523 2597 3398 1992 2363 2011 1699 1835 2656 2675 2031 2734
1738 3242 4980 1933 1523 2597 3398 1992 2363 2011 1679 1816 2656 2675 2031 2734
1738 3242 4980 1933 1523 2597 3398 1992 2363 2011 1699 1835 2656 2675 2031 2734
1738 3242 4980 1933 1503 2597 3398 1992 2363 2011 1679 1816 2656 2675 2031 2734
1738 3242 4980 1933 1523 2597 3398 2011 2363 2011 1679 1816 2656 2675 2031 2734
1738 3242 4980 1933 1523 2597 3398 1992 2363 2011 1699 1816 2656 2675 2031 2734
1738 3261 4980 1933 1523 2597 3398 2011 2363 2011 1699 1835 2656 2675 2031 2734
1738 3242 4980 1933 1523 2597 3398 2011 2363 2011 1679 1816 2656 2675 2031 2734
1738 3242 4980 1933 1523 2597 3398 2011 2363 2011 1679 1835 2656 2675 2031 2734
1738 3242 4980 1933 1523 2597 3398 2011 2363 2011 1699 1835 2656 2675 2031 2734
1738 3242 4980 1914 1523 2597 3398 1992 2363 2011 1679 1816 2656 2675 2011 2734
2500 2500 2500 2500 2500 2500 2500 2500 2500 2500 2500 2500 2500 2500 2500 2500
1738 3242 4980 1933 1503 2597 3398 1992 2363 2011 1679 1816 2656 2675 2011 2734
1738 3242 4980 1914 1503 2578 3398 1992 2363 2011 1679 1816 2656 2675 2011 2734
1738 3242 4980 1914 1523 2597 3398 2011 2363 2011 1679 1816 2656 2675 2011 2734
1738 3242 4980 1914 1503 2597 3398 1992 2363 2011 1679 1816 2656 2675 2011 2734
