1777 3242 4980 1933 1523 2617 3398 2011 2402 2031 1738 1835 2773 2773 2167 2753
1757 3242 4980 1933 1523 2617 3398 2011 2382 2031 1718 1835 2773 2773 2167 2753
1738 3242 4980 1914 1523 2617 3398 2011 2382 2031 1718 1835 2773 2773 2167 2753
1757 3242 4980 1914 1523 2617 3398 2011 2382 2031 1718 1835 2773 2773 2167 2753
1738 3242 4980 1914 1503 2617 3398 2011 2382 2011 1718 1816 2773 2773 2148 2753
1738 3242 4980 1914 1503 2597 3398 2011 2382 2011 1718 1816 2773 2773 2167 2753
1757 3242 4980 1914 1503 2617 3398 2011 2382 2011 1718 1816 2773 2773 2167 2753
1757 3261 4980 1933 1523 2617 3398 2011 2382 2031 1718 1816 2792 2773 2167 2753
1757 3261 4980 1914 1523 2617 3398 2011 2382 2031 1718 1835 2792 2773 2167 2753
1757 3261 4980 1933 1523 2617 3398 2011 2382 2031 1718 1835 2792 2773 2167 2753
1757 3261 4980 1914 1523 2617 3398 2011 2382 2031 1718 1835 2792 2773 2167 2753
1757 3261 4980 1933 1523 2617 3398 2011 2382 2031 1718 1835 2792 2773 2167 2753
2500 2500 2500 2500 2500 2500 2500 2500 2500 2031 1718 1835 2792 2773 2167 2753
1757 3261 4980 1914 1523 2617 3398 2011 2382 2031 1718 1816 2792 2773 2167 2753
1738 3261 4980 1914 1523 2617 3398 2011 2363 2011 1718 1816 2792 2773 2148 2753
1738 3261 4980 1914 1523 2617 3398 2011 2363 2011 1718 1816 2792 2773 2148 2753
1738 3261 4980 1914 1523 2617 3398 2011 2382 2011 1718 1816 2792 2773 2148 2753
1738 3261 4980 1914 1503 2617 3398 2011 2382 2011 1718 1816 2792 2773 2148 2753
1757 3261 4980 1914 1503 2617 3398 2011 2382 2011 1718 1816 2792 2792 2148 2753
1757 3261 4980 1933 1523 2617 3398 2011 2382 2031 1718 1816 2792 2773 2148 2753
1757 3261 4980 1914 1523 2617 3398 2011 2382 2011 1699 1816 2792 2773 2148 2753
1738 3242 4980 1914 1503 2617 3398 2011 2363 2011 1699 1816 2773 2773 2148 2734
1738 3261 4980 1914 1503 2617 3398 2011 2363 2011 1699 1816 2773 2773 2148 2753
1738 3261 4980 1933 1523 2617 3398 2011 2363 2011 1699 1816 2773 2773 2148 2753
1757 3242 4980 1914 1503 2617 3398 2011 2363 2011 1699 1816 2792 2773 2148 2753
1738 3261 4980 1914 1503 2617 3398 2011 2382 2011 1699 1816 2792 2773 2148 2753
2500 2500 2500 2500 2500 2500 2500 2500 2500 2500 2500 2500 2500 2500 2148 2753
1757 3242 4980 1914 1523 2617 3398 2011 2382 2011 1699 1816 2792 2773 2148 2753
1738 3242 4980 1914 1523 2617 3398 2011 2382 2011 1699 1816 2792 2773 2148 2753
