1816 3320 4980 1992 1523 2656 3457 2070 2402 2089 1777 1914 2636 2812 2265 2792
1796 3320 4980 1992 1523 2636 3457 2050 2402 2089 1777 1894 2617 2792 2246 2792
1796 3320 4980 1992 1523 2656 3457 2070 2402 2070 1757 1894 2617 2792 2226 2792
1796 3339 4980 1992 1523 2656 3457 2070 2402 2070 1757 1894 2617 2812 2226 2792
1796 3339 4980 1992 1503 2656 3457 2070 2402 2070 1757 1894 2617 2812 2226 2792
1796 3339 4980 1992 1523 2656 3457 2070 2402 2050 1757 1894 2617 2792 2226 2792
1796 3320 4980 1992 1503 2656 3457 2070 2382 2050 1757 1894 2617 2792 2226 2792
1796 3339 4980 1992 1523 2656 3457 2070 2382 2031 1757 1894 2636 2812 2226 2792
1796 3339 4980 1992 1523 2656 3457 2070 2382 2050 1757 1894 2636 2812 2226 2792
1796 3339 4980 1972 1484 2636 3457 2050 2382 2050 1757 1894 2617 2792 2226 2792
1757 3300 4980 1933 1464 2617 3417 2031 2343 2011 1718 1855 2597 2773 2187 2753
1757 3300 4980 1933 1464 2597 3417 2031 2343 2031 1718 1855 2597 2773 2187 2753
2500 2500 2500 1933 1464 2597 3398 2011 2343 2031 1699 1855 2597 2773 2167 2734
1757 3281 4980 1933 1464 2597 3398 2011 2343 2011 1699 1835 2597 2753 2167 2734
1757 3300 4980 1933 1464 2617 3417 2031 2343 2031 1718 1855 2597 2773 2187 2753
1757 3320 4980 1953 1464 2617 3437 2050 2363 2031 1718 1855 2617 2792 2187 2773
1777 3320 4980 1953 1464 2617 3437 2031 2363 2031 1718 1855 2617 2792 2207 2773
1777 3320 4980 1953 1464 2636 3437 2050 2363 2031 1718 1855 2617 2792 2207 2773
1777 3320 4980 1953 1464 2617 3437 2031 2363 2050 1718 1855 2617 2792 2187 2773
1757 3320 4980 1953 1464 2617 3437 2050 2363 2050 1718 1855 2636 2812 2207 2773
1777 3320 4980 1953 1484 2636 3437 2050 2363 2050 1718 1855 2636 2812 2207 2773
2500 2500 2500 2500 2500 2500 2500 2500 2500 2500 2500 2500 2500 2500 2500 2773
1777 3320 4980 1972 1484 2636 3437 2050 2363 2050 1718 1875 2636 2812 2207 2773
1777 3320 4980 1953 1484 2636 3437 2050 2363 2050 1718 1855 2636 2792 2207 2773
1777 3320 4980 1953 1484 2617 3437 2050 2363 2050 1718 1855 2617 2792 2207 2773
1777 3320 4980 1953 1484 2617 3437 2050 2363 2050 1718 1855 2617 2792 2187 2773
1777 3320 4980 1953 1484 2636 3417 2050 2363 2050 1718 1855 2617 2792 2187 2773
1777 3320 4980 1953 1484 2617 3417 2050 2363 2050 1718 1855 2617 2792 2187 2773
1757 3320 4980 1953 1484 2636 3437 2050 2363 2050 1718 1855 2617 2792 2187 2773
