2500 2500 2500 2500 1484 2695 3496 2246 2304 1972 1601 1796 2460 2773 2167 2773
2500 2500 2500 2500 2500 2500 2500 2500 2500 2500 2500 2500 2500 2500 2500 2500
1718 3378 4980 1972 1503 2695 3496 2246 2304 1972 1601 1796 2441 2753 2148 2773
2500 2500 2500 2500 2500 2500 3476 2226 2304 1953 1582 1777 2441 2753 2128 2773
1699 3378 4980 1972 1484 2695 3476 2246 2304 1953 1582 1777 2441 2753 2128 2773
2500 2500 2500 2500 2500 2500 2500 2246 2304 1972 1601 1796 2460 2753 2128 2773
1718 3378 4980 1972 1503 2695 3496 2246 2304 1972 1582 1796 2441 2753 2128 2773
1718 3378 4980 1972 1484 2695 3496 2246 2304 1972 1582 1796 2441 2753 2128 2773
1699 3378 4980 1953 1484 2695 3496 2246 2304 1972 1601 1796 2441 2753 2128 2773
1699 3378 4980 1972 1484 2695 3496 2246 2304 1972 1582 1796 2441 2753 2109 2773
1699 3378 4980 1972 1484 2695 3476 2246 2285 1953 1582 1777 2441 2734 2109 2773
1699 3378 4980 1953 1503 2695 3496 2246 2304 1972 1582 1777 2441 2753 2109 2773
1699 3378 4980 1972 1503 2695 3476 2246 2304 1953 1582 1777 2441 2734 2109 2773
1699 3378 4980 1972 1484 2695 3476 2246 2304 1953 1582 1777 2441 2734 2109 2773
1699 3359 4980 1953 1484 2675 3476 2226 2285 1953 1582 1777 2441 2734 2089 2753
1699 3378 4980 1953 1503 2695 3476 2226 2304 1953 1582 1777 2441 2734 2109 2773
1679 3359 4980 1972 1503 2675 3476 2226 2304 1953 1582 1777 2441 2734 2109 2773
2500 2500 4980 1972 1503 2695 3476 2226 2285 1953 1562 1777 2441 2734 2089 2753
1679 3359 4980 1953 1484 2675 3476 2226 2285 1933 1562 1757 2441 2734 2089 2753
2500 2500 2500 2500 2500 2675 3476 2246 2285 1953 1582 1777 2421 2734 2089 2753
1699 3359 4980 1972 1484 2695 3476 2246 2285 1953 1582 1777 2421 2734 2089 2753
2500 2500 2500 2500 2500 2500 2500 2500 2500 2500 2500 2500 2500 2500 2500 2500
2500 2500 2500 2500 1503 2675 3476 2246 2285 1953 1582 1777 2421 2734 2089 2753
1699 3359 4980 1953 1503 2675 3476 2246 2285 1933 1582 1777 2421 2714 2089 2753
2500 2500 2500 2500 2500 2500 2500 2500 2500 2500 2500 2500 2500 2500 2500 2500
2500 2500 2500 2500 1484 2675 3476 2226 2285 1933 1562 1777 2421 2714 2070 2753
1679 3359 4980 1953 1484 2675 3457 2226 2285 1933 1562 1757 2402 2714 2070 2753
1679 3359 4980 1953 1484 2675 3476 2226 2285 1933 1562 1757 2402 2714 2070 2753
2500 2500 2500 2500 2500 2500 2500 2500 2285 1933 1562 1777 2421 2714 2070 2753
