1738 3281 4980 1914 1503 2578 3378 1972 2363 2011 1718 1835 2714 2734 2109 2753
1738 3281 4980 1894 1503 2578 3378 1972 2363 2011 1699 1835 2714 2714 2089 2753
1738 3261 4980 1894 1503 2578 3378 1972 2363 2011 1699 1835 2714 2714 2089 2753
1718 3261 4980 1894 1503 2578 3378 1972 2363 2011 1699 1816 2714 2714 2089 2753
1738 3261 4980 1894 1503 2578 3378 1972 2363 2011 1699 1835 2714 2714 2089 2753
1738 3281 4980 1894 1503 2578 3378 1972 2363 2011 1718 1835 2695 2714 2089 2753
1738 3281 4980 1894 1503 2578 3378 1953 2363 2011 1699 1816 2695 2695 2070 2753
1738 3261 4980 1894 1503 2578 3378 1972 2363 2011 1699 1816 2695 2695 2070 2753
1718 3261 4980 1894 1484 2578 3378 1953 2363 1992 1699 1816 2695 2695 2070 2734
1718 3261 4980 1894 1484 2578 3359 1953 2363 1992 1679 1816 2695 2695 2070 2734
1718 3261 4980 1894 1484 2558 3359 1953 2363 1992 1679 1816 2695 2695 2050 2734
1718 3261 4980 1875 1484 2578 3359 1953 2343 1992 1679 1816 2695 2695 2050 2734
1718 3261 4980 1894 1484 2578 3359 1953 2363 2011 1699 1816 2695 2695 2070 2734
1718 3261 4980 1875 1484 2578 3378 1953 2343 1992 1679 1816 2695 2695 2070 2734
1718 3261 4980 1894 1484 2578 3359 1953 2363 2011 1699 1816 2695 2695 2070 2734
1718 3261 4980 1894 1484 2578 3378 1953 2363 1992 1699 1816 2695 2695 2070 2734
1718 3281 4980 1894 1503 2578 3378 1972 2363 2011 1699 1816 2714 2714 2070 2753
1718 3261 4980 1894 1484 2597 3398 1972 2363 2011 1699 1816 2714 2714 2070 2753
1738 3281 4980 1894 1503 2578 3378 1972 2363 2011 1699 1816 2714 2714 2070 2734
1738 3281 4980 1894 1503 2578 3378 1972 2363 2011 1699 1816 2714 2714 2070 2753
1738 3261 4980 1914 1503 2578 3378 1972 2363 2011 1699 1816 2714 2714 2070 2734
1738 3261 4980 1914 1503 2578 3378 1972 2363 2011 1699 1835 2714 2714 2070 2753
1738 3261 4980 1914 1503 2578 3378 1972 2363 2011 1699 1835 2714 2714 2070 2734
1738 3281 4980 1914 1503 2578 3378 1972 2363 2011 1699 1816 2714 2714 2070 2734
1738 3281 4980 1894 1503 2578 3378 1972 2363 2011 1699 1816 2714 2695 2070 2753
1738 3281 4980 1914 1503 2578 3398 1972 2363 2011 1699 1816 2695 2714 2050 2753
1738 3281 4980 1894 1503 2597 3378 1972 2363 2011 1699 1816 2695 2695 2050 2734
1718 3261 4980 1894 1503 2578 3398 1972 2363 2011 1699 1816 2695 2695 2050 2734
1738 3281 4980 1914 1503 2578 3378 1972 2363 2011 1699 1816 2695 2695 2050 2734
